    1   133
    2   133
    2   134
    3   134
    3   135
    4   135
    4   136
    4   137
    5   137
    6   137
    6   138
    6   139
    7   139
    7   140
    8   140
    8   141
    9   141
    9   142
   10   142
   10   143
   11   143
   11   144
   12   144
   12   145
   12   146
   13   146
   14   146
   14   147
   14   148
   15   148
   15   149
   16   149
   16   150
   17   150
   17   151
   18   151
   18   152
   19   152
   19   153
   20   153
   20   154
   21   154
   21   155
   22   155
   23   155
   23   156
   23   157
   24   157
   24   158
   25   158
   25   159
   26   159
   26   160
   27   160
   27   161
   28   161
   29   161
   29   162
   29   163
   30   163
   30   164
   31   164
   31   165
   32   165
   32   166
   32   167
   33   167
   34   167
   34   168
   35   168
   35   169
   36   169
   36   170
   37   170
   37   171
   38   171
   38   172
   38   173
   39   173
   40   173
   40   174
   41   174
   41   175
   41   176
   42   176
   43   176
   43   177
   44   177
   44   178
   45   178
   45   179
   46   179
   46   180
   47   180
   47   181
   48   181
   48   182
   49   182
   49   183
   50   183
   50   184
   51   184
   51   185
   52   185
   52   186
   53   186
   53   187
   53   188
   54   188
   55   188
   55   189
   56   189
   56   190
   57   190
   57   191
   58   191
   59   191
   59   192
   60   192
   60   193
   61   193
   61   194
   62   194
   62   195
   62   196
   63   196
   63   197
   64   197
   64   198
   64   199
   65   199
   66   199
   66   200
   66   201
   67   201
   67   202
   68   202
   68   203
   69   203
   69   204
   70   204
   70   205
   71   205
   71   206
   71   207
   72   207
   73   207
   73   208
   74   208
   74   209
   74   210
   75   210
   75   211
   76   211
   76   212
   77   212
   78   212
   78   213
   79   213
   79   214
   80   214
   80   215
   81   215
   81   216
   82   216
   82   217
   83   217
   83   218
   84   218
   84   219
   85   219
   85   220
   86   220
   86   221
   87   221
   87   222
   88   222
   89   222
   89   223
   90   223
   90   224
   90   225
   91   225
   91   226
   92   226
   92   227
   93   227
   93   228
   94   228
   94   229
   95   229
   95   230
   96   230
   96   231
   97   231
   98   231
   98   232
   99   232
   99   233
  100   233
  100   234
  101   234
  101   235
  101   236
  102   236
  102   237
  103   237
  103   238
  104   238
  104   239
  105   239
  106   239
  106   240
  107   240
  107   241
  108   241
  109   241
  109   242
  110   242
  110   243
  111   243
  111   244
  112   244
  112   245
  113   245
  114   245
  114   246
  114   247
  115   247
  116   247
  116   248
  117   248
  117   249
  118   249
  118   250
  119   250
  119   251
  120   251
  120   252
  121   252
  121   253
  122   253
  122   254
  123   254
  123   255
  124   255
  125   255
  125   256
  126   256
  126   257
  127   257
  127   258
  128   258
  129   258
  129   259
  130   259
  130   260
  131   260
  131   261
  132   261
  133   261
  133   262
  134   262
  134   263
  135   263
  135   264
  136   264
  136   265
  137   265
  138   265
  138   266
  139   266
  139   267
  140   267
  140   268
  141   268
  141   269
  142   269
  143   269
  143   270
  144   270
  144   271
  145   271
  145   272
  146   272
  147   272
  147   273
  148   273
  148   274
  149   274
  149   275
  150   275
  150   276
  151   276
  151   277
  152   277
  153   277
  153   278
  154   278
  155   278
  155   279
  156   279
  156   280
  157   280
  157   281
  158   281
  159   281
  159   282
  160   282
  160   283
  161   283
  162   283
  162   284
  163   284
  163   285
  164   285
  164   286
  165   286
  166   286
  166   287
  167   287
  168   287
  168   288
  169   288
  170   288
  170   289
  171   289
  171   290
  172   290
  172   291
  173   291
  174   291
  174   292
  175   292
  176   292
  176   293
  177   293
  177   294
  178   294
  179   294
  179   295
  180   295
  180   296
  181   296
  181   297
  182   297
  183   297
  183   298
  184   298
  185   298
  185   299
  186   299
  186   300
  187   300
  187   301
  188   301
  189   301
  189   302
  190   302
  190   303
  191   303
  192   303
  192   304
  193   304
  193   305
  194   305
  195   305
  196   305
  196   306
  197   306
  197   307
  198   307
  198   308
  199   308
  200   308
  200   309
  201   309
  201   310
  202   310
  202   311
  203   311
  204   311
  204   312
  205   312
  206   312
  206   313
  207   313
  208   313
  208   314
  209   314
  210   314
  210   315
  211   315
  211   316
  212   316
  213   316
  213   317
  214   317
  215   317
  215   318
  216   318
  217   318
  217   319
  218   319
  218   320
  219   320
  220   320
  220   321
  221   321
  222   321
  222   322
  223   322
  224   322
  224   323
  225   323
  225   324
  226   324
  227   324
  228   324
  228   325
  229   325
  229   326
  230   326
  231   326
  231   327
  232   327
  233   327
  233   328
  234   328
  235   328
  235   329
  236   329
  237   329
  237   330
  238   330
  239   330
  239   331
  240   331
  241   331
  242   331
  242   332
  243   332
  243   333
  244   333
  245   333
  246   333
  247   333
  247   334
  248   334
  248   335
  249   335
  250   335
  251   335
  251   336
  252   336
  253   336
  253   337
  254   337
  255   337
  255   338
  256   338
  257   338
  258   338
  258   339
  259   339
  260   339
  260   340
  261   340
  262   340
  262   341
  263   341
  264   341
  265   341
  265   342
  266   342
  267   342
  267   343
  268   343
  269   343
  269   344
  270   344
  271   344
  272   344
  272   345
  273   345
  274   345
  275   345
  275   346
  276   346
  277   346
  277   347
  278   347
  279   347
  280   347
  280   348
  281   348
  282   348
  283   348
  283   349
  284   349
  285   349
  286   349
  286   350
  287   350
  288   350
  289   350
  289   351
  290   351
  291   351
  292   351
  293   351
  293   352
  294   352
  295   352
  295   353
  296   353
  297   353
  297   354
  298   354
  299   354
  299   355
  300   355
  301   355
  302   355
  302   356
  303   356
  304   356
  305   356
  305   357
  306   357
  307   357
  307   358
  308   358
  309   358
  310   358
  310   359
  311   359
  312   359
  313   359
  313   360
  314   360
  315   360
  316   360
  316   361
  317   361
  318   361
  319   361
  319   362
  320   362
  321   362
  322   362
  323   362
  323   363
  324   363
  325   363
  325   362
  326   362
  327   362
  327   363
  328   363
  328   364
  329   364
  329   365
  330   365
  331   365
  332   365
  332   366
  333   366
  334   366
  334   367
  335   367
  336   367
  337   367
  337   368
  338   368
  339   368
  340   368
  340   369
  341   369
  342   369
  343   369
  343   370
  344   370
  345   370
  346   370
  346   371
  347   371
  348   371
  349   371
  350   371
  351   371
  352   371
  353   371
  354   371
  355   371
  356   371
  357   371
  358   371
  359   371
  360   371
  361   371
  362   371
  363   371
  364   371
  364   370
  365   370
  366   370
  366   369
  367   369
  368   369
  369   369
  369   370
  370   370
  370   371
  371   371
  371   372
  372   372
  372   373
  373   373
  373   374
  374   374
  375   374
  376   374
  377   374
  378   374
  379   374
  379   375
  380   375
  380   376
  381   376
  381   377
  382   377
  382   378
  383   378
  383   379
  384   379
  385   379
  385   380
  386   380
  386   381
  387   381
  388   381
  389   381
  389   382
  390   382
  391   382
  391   383
  392   383
  392   384
  393   384
  394   384
  394   385
  395   385
  395   386
  396   386
  397   386
  397   387
  398   387
  399   387
  399   388
  400   388
  401   388
  402   388
  402   389
  403   389
  403   390
  404   390
  405   390
  406   390
  407   390
  407   391
  408   391
  409   391
  410   391
  410   392
  411   392
  412   392
  412   393
  413   393
  414   393
  414   394
  415   394
  416   394
  417   394
  418   394
  418   395
  419   395
  420   395
  421   395
  421   396
  422   396
  423   396
  423   397
  424   397
  425   397
  426   397
  426   398
  427   398
  428   398
  428   399
  429   399
  430   399
  431   399
  432   399
  433   399
  433   400
  434   400
  435   400
  436   400
  437   400
  438   400
  438   401
  439   401
  440   401
  440   402
  440   403
  441   403
  442   403
  443   403
  444   403
  444   404
  445   404
  446   404
  447   404
  447   405
  448   405
  449   405
  449   406
  450   406
  451   406
  452   406
  452   407
  453   407
  454   407
  455   407
  455   408
  456   408
  457   408
  458   408
  458   409
  459   409
  460   409
  461   409
  461   410
  462   410
  463   410
  463   411
  464   411
  465   411
  466   411
  466   412
  467   412
  468   412
  469   412
  470   412
  470   413
  471   413
  472   413
  472   414
  473   414
  474   414
  475   414
  476   414
  476   415
  477   415
  478   415
  479   415
  479   416
  480   416
  481   416
  482   416
  482   417
  483   417
  484   417
  485   417
  485   418
  486   418
  487   418
  488   418
  488   419
  489   419
  490   419
  491   419
  492   419
  493   419
  493   420
  494   420
  495   420
  496   420
  497   420
  497   421
  498   421
  499   421
  500   421
  500   422
  501   422
  502   422
  502   423
  503   423
  504   423
  505   423
  506   423
  507   423
  507   424
  508   424
  509   424
  510   424
  511   424
  511   425
  512   425
  513   425
  513   426
  514   426
  515   426
  516   426
  516   427
  517   427
  518   427
  519   427
  519   428
  520   428
  520   429
  520   430
  521   430
  522   430
  523   430
  524   430
  525   430
  526   430
  527   430
  528   430
  529   430
  530   430
  530   429
  531   429
  532   429
  533   429
  534   429
  535   429
  536   429
  537   429
  537   430
  538   430
  539   430
  540   430
  541   430
  541   431
  542   431
  543   431
  544   431
  544   432
  545   432
  546   432
  546   433
  547   433
  548   433
  549   433
  550   433
  551   433
  552   433
  552   434
  553   434
  554   434
  555   434
  556   434
  557   434
  558   434
  558   435
  559   435
  560   435
  561   435
  562   435
  563   435
  564   435
  564   436
  565   436
  566   436
  567   436
  568   436
  569   436
  570   436
  571   436
  572   436
  573   436
  573   437
  574   437
  575   437
  576   437
  577   437
  578   437
  579   437
  580   437
  581   437
  582   437
  582   438
  583   438
  584   438
  585   438
  586   438
  587   438
  588   438
  589   438
  590   438
  591   438
  591   439
  592   439
  593   439
  594   439
  595   439
  596   439
  597   439
  598   439
  599   439
  599   440
  600   440
  601   440
  602   440
  603   440
  604   440
  605   440
  606   440
  606   441
  607   441
  608   441
  609   441
  610   441
  611   441
  612   441
  613   441
  614   441
  615   441
  616   441
  617   441
  618   441
  618   442
  619   442
  620   442
  621   442
  622   442
  623   442
  624   442
  625   442
  626   442
  627   442
  628   442
  628   443
  629   443
  630   443
  631   443
  632   443
  633   443
  634   443
  635   443
  636   443
  637   443
  638   443
  639   443
  640   443
  641   443
  642   443
  643   443
  644   443
  645   443
  646   443
  647   443
  648   443
  649   443
  650   443
  651   443
  652   443
  653   443
  654   443
  655   443
  655   442
  656   442
  657   442
  657   441
  658   441
  659   441
  660   441
  661   441
  662   441
  663   441
  664   441
  665   441
  666   441
  667   441
  668   441
  669   441
  670   441
  671   441
  672   441
  672   442
  673   442
  674   442
  675   442
  676   442
  677   442
  678   442
  679   442
  680   442
  681   442
  682   442
  683   442
  683   443
  684   443
  685   443
  686   443
  687   443
  688   443
  689   443
  690   443
  691   443
  692   443
  693   443
  694   443
  695   443
  696   443
  697   443
  698   443
  699   443
  700   443
  701   443
  702   443
  703   443
  704   443
  705   443
  706   443
  707   443
  708   443
  709   443
  710   443
  711   443
  712   443
  713   443
  714   443
  715   443
  716   443
  717   443
  718   443
  719   443
  720   443
  721   443
  721   442
  722   442
  723   442
  724   442
  725   442
  726   442
  727   442
  728   442
  729   442
  730   442
  731   442
  732   442
  733   442
  734   442
  735   442
  736   442
  736   441
  737   441
  738   441
  739   441
  740   441
  741   441
  742   441
  743   441
  744   441
  744   440
  745   440
  746   440
  747   440
  748   440
  749   440
  750   440
  751   440
  752   440
  752   439
  753   439
  754   439
  755   439
  756   439
  757   439
  758   439
  758   438
  759   438
  760   438
  761   438
  762   438
  763   438
  763   437
  764   437
  765   437
  766   437
  767   437
  768   437
  768   436
  769   436
  770   436
  771   436
  772   436
  773   436
  774   436
  774   435
  775   435
  776   435
  777   435
  778   435
  779   435
  779   434
  780   434
  781   434
  782   434
  783   434
  784   434
  784   433
  785   433
  786   433
  787   433
  788   433
  788   432
  789   432
  790   432
  791   432
  791   431
  792   431
  793   431
  794   431
  794   430
  795   430
  796   430
  797   430
  798   430
  799   430
  800   430
  800   429
  801   429
  802   429
  803   429
  804   429
  804   428
  805   428
  806   428
  807   428
  807   427
  808   427
  809   427
  809   426
  810   426
  811   426
  812   426
  813   426
  813   425
  814   425
  815   425
  815   424
  816   424
  817   424
  818   424
  819   424
  819   423
  820   423
  821   423
  821   422
  822   422
  823   422
  823   421
  824   421
  825   421
  826   421
  827   421
  828   421
  828   420
  829   420
  830   420
  830   419
  831   419
  832   419
  833   419
  834   419
  834   418
  835   418
  836   418
  837   418
  838   418
  839   418
  839   417
  840   417
  841   417
  842   417
  842   416
  843   416
  844   416
  844   415
  845   415
  846   415
  846   414
  847   414
  848   414
  849   414
  850   414
  851   414
  852   414
  853   414
  853   415
  854   415
  855   415
  855   416
  855   417
  856   417
  856   418
  856   419
  856   420
  856   421
  856   422
  856   423
  855   423
  855   424
  854   424
  853   424
  853   425
  853   426
  852   426
  851   426
  850   426
  849   426
  849   427
  849   428
  848   428
  848   429
  848   430
  847   430
  847   431
  847   432
  847   433
  847   434
  847   435
  847   436
  847   437
  847   438
  847   439
  847   440
  847   441
  847   442
  847   443
  847   444
  847   445
  847   446
  848   446
  848   447
  849   447
  849   448
  850   448
  851   448
  851   449
  852   449
  853   449
  854   449
  854   450
  855   450
  856   450
  856   451
  857   451
  858   451
  859   451
  859   452
  860   452
  860   453
  861   453
  861   454
  861   455
  862   455
  863   455
  863   456
  864   456
  864   457
  865   457
  866   457
  867   457
  868   457
  869   457
  870   457
  871   457
  871   458
  872   458
  872   459
  872   460
  873   460
  873   461
  874   461
  874   462
  875   462
  875   463
  876   463
  876   464
  876   465
  877   465
  878   465
  878   466
  878   467
  878   468
  879   468
  879   469
  879   470
  880   470
  880   471
  880   472
  880   473
  881   473
  881   474
  881   475
  881   476
  881   477
  882   477
  882   478
  882   479
  883   479
  883   480
  884   480
  884   481
  885   481
  886   481
  887   481
  888   481
  889   481
  890   481
  890   482
  890   483
  890   484
  891   484
  891   485
  891   486
  892   486
  892   487
  893   487
  893   488
  893   489
  894   489
  895   489
  895   488
  896   488
  897   488
  897   487
  897   486
  898   486
  899   486
  900   486
  901   486
  901   487
  902   487
  903   487
  903   488
  903   489
  903   490
  904   490
  904   491
  905   491
  905   492
  906   492
  906   493
  906   494
  906   495
  906   496
  907   496
  907   497
  907   498
  907   499
  908   499
  909   499
  909   500
  909   501
  909   502
  909   503
  909   504
  909   505
  909   506
  909   507
  909   508
  909   509
  910   509
  910   510
  910   511
  910   512
  910   513
  910   514
  910   515
  910   516
  910   517
  909   517
  909   518
  909   519
  909   520
  908   520
  908   521
  908   522
  908   523
  908   524
  908   525
  907   525
  907   526
  906   526
  906   527
  906   528
  906   529
  906   530
  906   531
  907   531
  907   532
  907   533
  908   533
  908   534
  908   535
  908   536
  909   536
  909   537
  909   538
  909   539
  909   540
  909   541
  909   542
  909   543
  909   544
  909   545
  909   546
  909   547
  909   548
  909   549
  909   550
  909   551
  909   552
  909   553
  909   554
  910   554
  910   555
  911   555
  911   556
  911   557
  911   558
  911   559
  912   559
  912   560
  912   561
  913   561
  913   562
  914   562
  914   563
  915   563
  915   564
  915   565
  916   565
  917   565
  917   566
  917   567
  918   567
  918   568
  918   569
  918   570
  918   571
  918   572
  918   573
  919   573
  919   574
  920   574
  920   575
  920   576
  920   577
  920   578
  920   579
  919   579
  919   580
  919   581
  919   582
  919   583
  919   584
  919   585
  919   586
  918   586
  918   587
  917   587
  917   588
  917   589
  918   589
  918   590
  918   591
  918   592
  918   593
  918   594
  919   594
  919   595
  919   596
  920   596
  920   597
  920   598
  921   598
  921   599
  921   600
  921   601
  921   602
  922   602
  922   603
  922   604
  922   605
  922   606
  922   607
  922   608
  921   608
  921   609
  921   610
  921   611
  921   612
  921   613
  921   614
  921   615
  921   616
  921   617
  921   618
  921   619
  921   620
  921   621
  921   622
  921   623
  921   624
  921   625
  921   626
  920   626
  920   627
  920   628
  919   628
  919   629
  919   630
  919   631
  919   632
  918   632
  918   633
  918   634
  918   635
  918   636
  918   637
  918   638
  917   638
  917   639
  917   640
  917   641
  917   642
  917   643
  917   644
  917   645
  917   646
  917   647
  916   647
  916   648
  916   649
  916   650
  916   651
  916   652
  916   653
  916   654
  916   655
  916   656
  916   657
  916   658
  916   659
  916   660
  916   661
  916   662
  915   662
  915   663
  914   663
  914   664
  914   665
  913   665
  913   666
  913   667
  913   668
  913   669
  912   669
  912   670
  912   671
  912   672
  912   673
  912   674
  911   674
  911   675
  911   676
  910   676
  910   677
  910   678
  909   678
  909   679
  909   680
  909   681
  908   681
  908   682
  907   682
  907   683
  907   684
  907   685
  907   686
  907   687
  907   688
  907   689
  907   690
  906   690
  906   691
  906   692
  906   693
  905   693
  905   694
  905   695
  905   696
  904   696
  904   697
  904   698
  903   698
  903   699
  903   700
  903   701
  902   701
  902   702
  902   703
  902   704
  901   704
  901   705
  901   706
  901   707
  900   707
  900   708
  900   709
  899   709
  899   710
  899   711
  899   712
  899   713
  899   714
  899   715
  899   716
  899   717
  899   718
  899   719
  899   720
  899   721
  900   721
  900   722
  900   723
  901   723
  901   724
  901   725
  901   726
  901   727
  901   728
  901   729
  901   730
  901   731
  901   732
  901   733
  901   734
  901   735
  900   735
  900   736
  899   736
  899   737
  898   737
  898   738
  897   738
  896   738
  896   739
  895   739
  895   740
  895   741
  894   741
  894   742
  894   743
  894   744
  893   744
  893   745
  893   746
  893   747
  893   748
  892   748
  892   749
  892   750
  892   751
  891   751
  891   752
  891   753
  891   754
  891   755
  891   756
  891   757
  891   758
  891   759
  891   760
  890   760
  890   761
  889   761
  889   762
  889   763
  889   764
  889   765
  888   765
  888   766
  888   767
  888   768
  888   769
  888   770
  888   771
  887   771
  887   772
  887   773
  887   774
  887   775
  887   776
  887   777
  887   778
  886   778
  886   779
  886   780
  886   781
  885   781
  885   782
  885   783
  884   783
  884   784
  884   785
  883   785
  883   786
  883   787
  882   787
  882   788
  882   789
  881   789
  881   790
  881   791
  880   791
  880   792
  880   793
  880   794
  879   794
  879   795
  878   795
  878   796
  878   797
  878   798
  878   799
  878   800
  878   801
  878   802
  878   803
  878   804
  877   804
  877   805
  877   806
  876   806
  876   807
  876   808
  876   809
  876   810
  877   810
  877   811
  877   812
  878   812
  878   813
  878   814
  878   815
  879   815
  879   816
  879   817
  879   818
  880   818
  880   819
  880   820
  880   821
  879   821
  879   822
  878   822
  878   823
  878   824
  878   825
  878   826
  878   827
  878   828
  878   829
  878   830
  878   831
  878   832
  877   832
  876   832
  875   832
  875   833
  874   833
  874   834
  873   834
  872   834
  871   834
  870   834
  869   834
  868   834
  867   834
  867   835
  867   836
  868   836
  869   836
  870   836
  871   836
  872   836
  873   836
  874   836
  875   836
  875   835
  876   835
  876   834
  877   834
  878   834
  879   834
  879   833
  880   833
  881   833
  882   833
  883   833
  883   832
  884   832
  885   832
  886   832
  887   832
  887   831
  888   831
  889   831
  890   831
  890   830
  891   830
  892   830
  893   830
  893   829
  894   829
  895   829
  896   829
  897   829
  898   829
  898   830
  899   830
  900   830
  900   831
  901   831
  901   832
  902   832
  902   833
  903   833
  903   834
  904   834
  904   835
  905   835
  905   836
  906   836
  906   837
  907   837
  907   838
  908   838
  908   839
  908   840
  909   840
  909   841
  909   842
  910   842
  910   843
  910   844
  911   844
  911   845
  911   846
  912   846
  913   846
  913   845
  913   844
  913   843
  913   842
  913   841
  914   841
  914   840
  914   839
  914   838
  914   837
  914   836
  914   835
  914   834
  914   833
  914   832
  914   831
  914   830
  914   829
  914   828
  914   827
  914   826
  914   825
  914   824
  914   823
  914   822
  914   821
  914   820
  914   819
  914   818
  914   817
  914   816
  914   815
  914   814
  913   814
  913   813
  912   813
  911   813
  911   812
  911   811
  911   810
  911   809
  911   808
  911   807
  910   807
  910   806
  910   805
  910   804
  910   803
  910   802
  910   801
  910   800
  911   800
  911   799
  912   799
  912   798
  912   797
  912   796
  913   796
  913   795
  913   794
  913   793
  913   792
  913   791
  913   790
  913   789
  912   789
  912   788
  912   787
  911   787
  911   786
  911   785
  911   784
  911   783
  911   782
  911   781
  911   780
  911   779
  911   778
  911   777
  911   776
  911   775
  911   774
  910   774
  910   773
  909   773
  909   772
  909   771
  909   770
  908   770
  908   769
  908   768
  908   767
  908   766
  908   765
  908   764
  907   764
  907   763
  907   762
  907   761
  907   760
  907   759
  907   758
  907   757
  908   757
  908   756
  908   755
  908   754
  908   753
  908   752
  908   751
  908   750
  908   749
  908   748
  908   747
  908   746
  908   745
  908   744
  908   743
  908   742
  908   741
  908   740
  908   739
  908   738
  908   737
  908   736
  908   735
  908   734
  908   733
  908   732
  909   732
  909   731
  909   730
  909   729
  909   728
  909   727
  910   727
  910   726
  911   726
  912   726
  912   725
  912   724
  912   723
  912   722
  912   721
  913   721
  913   720
  914   720
  914   719
  914   718
  914   717
  915   717
  915   716
  916   716
  916   715
  917   715
  917   714
  917   713
  917   712
  917   711
  917   710
  917   709
  917   708
  917   707
  917   706
  918   706
  918   705
  918   704
  918   703
  918   702
  919   702
  919   701
  919   700
  919   699
  920   699
  920   698
  920   697
  920   696
  920   695
  920   694
  920   693
  920   692
  920   691
  921   691
  921   690
  921   689
  922   689
  923   689
  924   689
  925   689
  926   689
  927   689
  927   688
  928   688
  928   687
  928   686
  929   686
  930   686
  930   685
  931   685
  931   684
  932   684
  932   683
  932   682
  933   682
  933   681
  933   680
  934   680
  934   679
  934   678
  935   678
  935   677
  935   676
  935   675
  935   674
  934   674
  934   673
  934   672
  934   671
  934   670
  934   669
  933   669
  933   668
  933   667
  933   666
  933   665
  934   665
  934   664
  934   663
  934   662
  934   661
  934   660
  934   659
  934   658
  934   657
  935   657
  935   656
  935   655
  935   654
  935   653
  935   652
  935   651
  936   651
  936   650
  936   649
  936   648
  935   648
  935   647
  935   646
  935   645
  934   645
  934   644
  934   643
  934   642
  934   641
  935   641
  935   640
  935   639
  935   638
  935   637
  935   636
  936   636
  936   635
  936   634
  936   633
  937   633
  937   632
  937   631
  937   630
  936   630
  936   629
  936   628
  936   627
  935   627
  935   626
  935   625
  935   624
  935   623
  935   622
  935   621
  935   620
  935   619
  935   618
  935   617
  935   616
  935   615
  935   614
  935   613
  936   613
  936   612
  936   611
  936   610
  937   610
  937   609
  937   608
  938   608
  938   607
  938   606
  938   605
  939   605
  940   605
  940   604
  940   603
  940   602
  941   602
  941   601
  941   600
  941   599
  941   598
  941   597
  941   596
  941   595
  941   594
  941   593
  940   593
  939   593
  939   592
  939   591
  939   590
  939   589
  939   588
  938   588
  938   587
  938   586
  938   585
  938   584
  939   584
  939   583
  939   582
  940   582
  940   581
  941   581
  941   580
  941   579
  941   578
  941   577
  941   576
  940   576
  940   575
  940   574
  940   573
  940   572
  940   571
  940   570
  940   569
  941   569
  941   568
  942   568
  942   567
  942   566
  942   565
  942   564
  941   564
  941   563
  940   563
  940   562
  940   561
  940   560
  940   559
  940   558
  940   557
  941   557
  941   556
  941   555
  942   555
  942   554
  942   553
  942   552
  942   551
  942   550
  942   549
  942   548
  942   547
  942   546
  942   545
  941   545
  941   544
  940   544
  939   544
  939   543
  939   542
  939   541
  939   540
  939   539
  939   538
  939   537
  939   536
  939   535
  938   535
  937   535
  936   535
  936   534
  936   533
  936   532
  935   532
  935   531
  935   530
  935   529
  935   528
  936   528
  936   527
  936   526
  937   526
  937   525
  937   524
  937   523
  937   522
  937   521
  936   521
  936   520
  936   519
  935   519
  935   518
  935   517
  934   517
  934   516
  934   515
  933   515
  933   514
  933   513
  932   513
  932   512
  932   511
  931   511
  931   510
  931   509
  930   509
  930   508
  929   508
  929   507
  928   507
  928   506
  928   505
  927   505
  927   504
  926   504
  926   503
  925   503
  925   502
  924   502
  924   501
  923   501
  922   501
  922   500
  921   500
  921   499
  921   498
  920   498
  920   497
  920   496
  919   496
  918   496
  918   495
  918   494
  918   493
  918   492
  919   492
  920   492
  921   492
  921   491
  922   491
  923   491
  924   491
  924   490
  925   490
  925   489
  925   488
  926   488
  926   487
  926   486
  926   485
  925   485
  924   485
  923   485
  923   484
  922   484
  921   484
  920   484
  919   484
  918   484
  917   484
  916   484
  915   484
  914   484
  914   483
  914   482
  914   481
  914   480
  915   480
  915   479
  915   478
  915   477
  916   477
  916   476
  916   475
  916   474
  916   473
  916   472
  916   471
  915   471
  915   470
  915   469
  915   468
  916   468
  916   467
  916   466
  916   465
  916   464
  915   464
  915   463
  915   462
  915   461
  914   461
  914   460
  914   459
  913   459
  912   459
  911   459
  911   458
  911   457
  911   456
  910   456
  909   456
  908   456
  908   455
  907   455
  907   454
  906   454
  905   454
  905   453
  905   452
  905   451
  905   450
  904   450
  903   450
  902   450
  901   450
  900   450
  900   451
  899   451
  898   451
  897   451
  897   452
  896   452
  896   453
  896   454
  895   454
  894   454
  893   454
  892   454
  891   454
  890   454
  889   454
  888   454
  887   454
  887   453
  886   453
  886   452
  885   452
  885   451
  885   450
  885   449
  884   449
  883   449
  882   449
  882   448
  881   448
  881   447
  881   446
  881   445
  880   445
  879   445
  879   444
  879   443
  879   442
  879   441
  879   440
  879   439
  879   438
  879   437
  880   437
  881   437
  881   436
  882   436
  883   436
  884   436
  885   436
  885   435
  885   434
  885   433
  885   432
  885   431
  884   431
  883   431
  882   431
  882   430
  882   429
  882   428
  881   428
  881   427
  881   426
  881   425
  880   425
  879   425
  878   425
  878   424
  878   423
  878   422
  878   421
  877   421
  877   420
  877   419
  876   419
  876   418
  875   418
  875   417
  874   417
  874   416
  874   415
  874   414
  873   414
  873   413
  873   412
  872   412
  872   411
  872   410
  871   410
  870   410
  869   410
  869   409
  868   409
  868   408
  867   408
  867   407
  867   406
  867   405
  866   405
  866   404
  866   403
  866   402
  865   402
  865   401
  865   400
  864   400
  864   399
  863   399
  863   398
  862   398
  862   397
  861   397
  861   396
  861   395
  860   395
  860   394
  859   394
  859   393
  858   393
  858   392
  858   391
  858   390
  858   389
  859   389
  859   388
  859   387
  860   387
  860   386
  861   386
  861   385
  862   385
  862   384
  863   384
  863   383
  863   382
  864   382
  864   381
  865   381
  866   381
  866   380
  867   380
  867   379
  868   379
  869   379
  869   378
  870   378
  871   378
  872   378
  872   377
  873   377
  874   377
  875   377
  875   376
  876   376
  877   376
  878   376
  878   375
  879   375
  880   375
  880   374
  881   374
  882   374
  883   374
  883   373
  884   373
  885   373
  885   372
  886   372
  887   372
  887   371
  888   371
  889   371
  889   370
  890   370
  891   370
  891   369
  892   369
  893   369
  893   368
  894   368
  895   368
  895   367
  896   367
  897   367
  897   366
  898   366
  899   366
  900   366
  900   365
  901   365
  902   365
  903   365
  904   365
  905   365
  905   366
  905   367
  905   368
  905   369
  905   370
  905   371
  905   372
  905   373
  905   374
  905   375
  905   376
  905   377
  905   378
  905   379
  905   380
  905   381
  906   381
  906   382
  906   383
  906   384
  906   385
  906   386
  906   387
  907   387
  907   388
  907   389
  907   390
  907   391
  907   392
  907   393
  907   394
  907   395
  907   396
  907   397
  907   398
  907   399
  907   400
  908   400
  908   401
  908   402
  908   403
  908   404
  909   404
  909   405
  909   406
  909   407
  909   408
  910   408
  910   409
  910   410
  910   411
  910   412
  910   413
  910   414
  910   415
  911   415
  911   416
  911   417
  911   418
  912   418
  912   419
  912   420
  912   421
  913   421
  913   422
  913   423
  913   424
  913   425
  913   426
  913   427
  914   427
  914   428
  914   429
  915   429
  915   430
  915   431
  915   432
  916   432
  916   433
  916   434
  916   435
  916   436
  916   437
  916   438
  917   438
  917   439
  917   440
  917   441
  917   442
  918   442
  918   443
  918   444
  919   444
  919   445
  919   446
  919   447
  920   447
  920   448
  920   449
  921   449
  921   450
  922   450
  922   451
  922   452
  923   452
  924   452
  924   453
  924   454
  924   455
  925   455
  925   456
  925   457
  925   458
  925   459
  926   459
  926   460
  926   461
  926   462
  927   462
  927   463
  928   463
  928   464
  928   465
  928   466
  928   467
  929   467
  929   468
  929   469
  930   469
  930   470
  931   470
  931   471
  931   472
  931   473
  932   473
  932   474
  932   475
  933   475
  933   476
  933   477
  934   477
  934   478
  934   479
  935   479
  935   480
  935   481
  935   482
  936   482
  936   483
  936   484
  937   484
  937   485
  937   486
  937   487
  938   487
  938   488
  938   489
  938   490
  939   490
  939   491
  939   492
  939   493
  940   493
  940   494
  940   495
  940   496
  940   497
  941   497
  941   498
  941   499
  941   500
  942   500
  942   501
  942   502
  943   502
  943   503
  943   504
  944   504
  944   505
  945   505
  945   506
  946   506
  946   507
  946   508
  947   508
  947   509
  947   510
  948   510
  948   511
  948   512
  948   513
  948   514
  948   515
  948   516
  949   516
  950   516
  950   517
  950   518
  950   519
  950   520
  950   521
  951   521
  951   522
  951   523
  952   523
  952   524
  952   525
  952   526
  952   527
  952   528
  952   529
  953   529
  953   530
  953   531
  953   532
  953   533
  953   534
  954   534
  955   534
  956   534
  957   534
  957   535
  957   536
  957   537
  957   538
  957   539
  957   540
  957   541
  957   542
  957   543
  957   544
  958   544
  958   545
  958   546
  958   547
  958   548
  959   548
  959   549
  959   550
  959   551
  959   552
  960   552
  960   553
  960   554
  961   554
  961   555
  961   556
  961   557
  961   558
  961   559
  962   559
  962   560
  962   561
  962   562
  963   562
  963   563
  963   564
  964   564
  964   565
  964   566
  964   567
  964   568
  965   568
  965   569
  965   570
  966   570
  966   571
  966   572
  966   573
  967   573
  967   574
  967   575
  967   576
  968   576
  968   577
  968   578
  968   579
  969   579
  969   580
  969   581
  969   582
  969   583
  970   583
  970   584
  970   585
  971   585
  971   586
  971   587
  971   588
  972   588
  972   589
  972   590
  973   590
  973   591
  973   592
  973   593
  974   593
  974   594
  974   595
  974   596
  975   596
  975   597
  975   598
  975   599
  976   599
  976   600
  976   601
  976   602
  977   602
  977   603
  977   604
  977   605
  978   605
  979   605
  980   605
  980   606
  981   606
  982   606
  982   607
  982   608
  982   609
  982   610
  982   611
  982   612
  982   613
  982   614
  982   615
  982   616
  982   617
  982   618
  982   619
  982   620
  982   621
  982   622
  983   622
  983   623
  983   624
  984   624
  985   624
  986   624
  986   625
  986   626
  987   626
  987   627
  987   628
  988   628
  988   629
  988   630
  988   631
  988   632
  989   632
  989   633
  989   634
  989   635
  990   635
  990   636
  990   637
  991   637
  991   638
  991   639
  992   639
  992   640
  992   641
  993   641
  993   642
  994   642
  994   643
  994   644
  994   645
  994   646
  994   647
  994   648
  994   649
  995   649
  995   650
  995   651
  996   651
  996   652
  996   653
  996   654
  996   655
  997   655
  997   656
  997   657
  998   657
  998   658
  998   659
  998   660
  999   660
 1000   660
 1000   661
 1001   661
 1001   662
 1001   663
 1001   664
 1002   664
 1002   665
 1002   666
 1003   666
 1003   667
 1003   668
 1003   669
 1003   670
 1004   670
 1004   671
 1004   672
 1005   672
 1005   673
 1005   674
 1006   674
 1006   675
 1006   676
 1006   677
 1007   677
 1007   678
 1007   679
 1008   679
 1008   680
 1008   681
 1008   682
 1009   682
 1009   683
 1009   684
 1009   685
 1009   686
 1010   686
 1010   687
 1010   688
 1011   688
 1011   689
 1011   690
 1012   690
 1012   691
 1012   692
 1012   693
 1013   693
 1013   694
 1013   695
 1014   695
 1014   696
 1014   697
 1015   697
 1015   698
 1015   699
 1015   700
 1016   700
 1016   701
 1017   701
 1017   702
 1017   703
 1018   703
 1018   704
 1018   705
 1018   706
 1019   706
 1019   707
 1019   708
 1020   708
 1020   709
 1020   710
 1020   711
 1021   711
 1021   712
 1021   713
 1022   713
 1022   714
 1023   714
 1023   715
 1023   716
 1024   716
 1024   717
 1024   718
 1024   719
 1025   719
 1025   720
 1025   721
 1026   721
 1026   722
 1026   723
 1026   724
 1027   724
 1027   725
 1028   725
 1028   726
 1029   726
 1029   727
 1030   727
 1030   728
 1030   729
 1031   729
 1031   730
 1032   730
 1032   731
 1033   731
 1033   732
 1034   732
 1034   733
 1034   734
 1035   734
 1035   735
 1036   735
 1036   736
 1036   737
 1036   738
 1036   739
 1035   739
 1035   740
 1035   741
 1035   742
 1035   743
 1036   743
 1037   743
 1038   743
 1039   743
 1040   743
 1040   744
 1041   744
 1041   745
 1042   745
 1043   745
 1043   746
 1044   746
 1044   747
 1044   748
 1044   749
 1045   749
 1045   750
 1046   750
 1046   751
 1046   752
 1047   752
 1047   753
 1047   754
 1048   754
 1048   755
 1048   756
 1049   756
 1049   757
 1050   757
 1050   758
 1051   758
 1051   759
 1052   759
 1052   760
 1053   760
 1053   761
 1053   762
 1054   762
 1054   763
 1055   763
 1056   763
 1056   764
 1056   765
 1056   766
 1056   767
 1056   768
 1057   768
 1058   768
 1059   768
 1059   769
 1059   770
 1059   771
 1059   772
 1060   772
 1061   772
 1061   773
 1061   774
 1061   775
 1061   776
 1062   776
 1063   776
 1063   777
 1063   778
 1063   779
 1063   780
 1063   781
 1064   781
 1064   782
 1064   783
 1065   783
 1065   784
 1065   785
 1066   785
 1066   786
 1066   787
 1067   787
 1067   788
 1068   788
 1068   789
 1068   790
 1069   790
 1069   791
 1069   792
 1070   792
 1070   793
 1070   794
 1071   794
 1071   795
 1071   796
 1071   797
 1072   797
 1072   798
 1073   798
 1073   799
 1074   799
 1074   800
 1075   800
 1075   801
 1076   801
 1076   802
 1076   803
 1076   804
 1076   805
 1077   805
 1078   805
 1079   805
 1079   806
 1080   806
 1081   806
 1081   807
 1081   808
 1082   808
 1082   809
 1083   809
 1083   810
 1084   810
 1085   810
 1085   811
 1085   812
 1086   812
 1086   813
 1086   814
 1087   814
 1087   815
 1088   815
 1088   816
 1088   817
 1089   817
 1089   818
 1089   819
 1090   819
 1091   819
 1092   819
 1093   819
 1093   820
 1093   821
 1093   822
 1093   823
 1093   824
 1093   825
 1094   825
 1094   826
 1094   827
 1095   827
 1095   828
 1096   828
 1096   829
 1097   829
 1097   830
 1098   830
 1098   831
 1099   831
 1099   832
 1100   832
 1100   833
 1100   834
 1101   834
 1101   835
 1102   835
 1102   836
 1103   836
 1103   837
 1103   838
 1104   838
 1104   839
 1105   839
 1105   840
 1106   840
 1106   841
 1106   842
 1107   842
 1108   842
 1108   843
 1109   843
 1109   844
 1110   844
 1110   845
 1111   845
 1111   846
 1112   846
 1112   847
 1113   847
 1113   848
 1114   848
 1114   849
 1115   849
 1116   849
 1116   850
 1117   850
 1117   851
 1118   851
 1118   852
 1119   852
 1120   852
 1120   853
 1121   853
 1121   854
 1121   855
 1122   855
 1123   855
 1123   856
 1123   857
 1124   857
 1124   858
 1125   858
 1125   859
 1126   859
 1126   860
 1127   860
 1127   861
 1127   862
 1128   862
 1128   863
 1128   864
 1129   864
 1129   865
 1129   866
 1130   866
 1131   866
 1131   867
 1132   867
 1133   867
 1133   868
 1133   869
 1134   869
 1134   870
 1135   870
 1135   871
 1135   872
 1136   872
 1136   873
 1137   873
 1137   874
 1137   875
 1138   875
 1138   876
 1139   876
 1139   877
 1140   877
 1140   878
 1141   878
 1141   879
 1142   879
 1142   880
 1142   881
 1143   881
 1144   881
 1144   882
 1145   882
 1145   883
 1145   884
 1145   885
 1146   885
 1146   886
 1147   886
 1147   887
 1148   887
 1149   887
 1149   888
 1150   888
 1150   889
 1151   889
 1151   890
 1151   891
 1152   891
 1152   892
 1153   892
 1153   893
 1154   893
 1155   893
 1155   894
 1156   894
 1156   895
 1157   895
 1157   896
 1157   897
 1157   898
 1158   898
 1158   899
 1159   899
 1160   899
 1161   899
 1161   900
 1161   901
 1161   902
 1162   902
 1162   903
 1163   903
 1163   904
 1164   904
 1164   905
 1165   905
 1165   906
 1166   906
 1166   907
 1167   907
 1167   908
 1168   908
 1169   908
 1169   909
 1170   909
 1170   910
 1171   910
 1172   910
 1172   911
 1173   911
 1173   912
 1174   912
 1175   912
 1175   913
 1176   913
 1176   914
 1177   914
 1178   914
 1179   914
 1180   914
 1180   915
 1180   916
 1181   916
 1181   917
 1182   917
 1182   918
 1183   918
 1183   919
 1184   919
 1184   920
 1185   920
 1185   921
 1186   921
 1186   922
 1187   922
 1187   923
 1188   923
 1188   924
 1188   925
 1189   925
 1190   925
 1190   926
 1191   926
 1191   927
 1191   928
 1192   928
 1193   928
 1193   929
 1194   929
 1194   930
 1195   930
 1195   931
 1196   931
 1196   932
 1197   932
 1197   933
 1198   933
 1198   934
 1199   934
 1199   935
 1200   935
 1200   936
 1201   936
 1201   937
 1202   937
 1203   937
 1204   937
 1204   938
 1205   938
 1206   938
 1206   939
 1206   940
 1206   941
 1206   942
 1207   942
 1207   943
 1207   944
 1208   944
 1209   944
 1209   945
 1210   945
 1210   946
 1211   946
 1211   947
 1212   947
 1212   948
 1213   948
 1213   949
 1214   949
 1215   949
 1216   949
 1217   949
 1218   949
 1218   950
 1219   950
 1219   951
 1219   952
 1219   953
 1220   953
 1220   954
 1220   955
 1220   956
 1221   956
 1221   957
 1222   957
 1222   958
 1223   958
 1223   959
 1224   959
 1224   960
 1225   960
 1225   961
 1226   961
 1226   962
 1227   962
 1227   963
 1228   963
 1229   963
 1229   964
 1230   964
 1230   965
 1231   965
 1231   966
 1232   966
 1232   967
 1233   967
 1233   968
 1234   968
 1234   969
 1235   969
 1235   970
 1236   970
 1236   971
 1237   971
 1237   972
 1238   972
 1238   973
 1239   973
 1239   974
 1240   974
 1241   974
 1241   975
 1242   975
 1242   976
 1243   976
 1243   977
 1244   977
 1244   978
 1245   978
 1245   979
 1246   979
 1246   980
 1247   980
 1247   981
 1248   981
 1248   982
 1249   982
 1250   982
 1250   983
 1251   983
 1251   984
 1252   984
 1252   985
 1253   985
 1254   985
 1254   986
 1255   986
 1255   987
 1256   987
 1256   988
 1257   988
 1257   989
 1258   989
 1258   990
 1259   990
 1259   991
 1260   991
 1261   991
 1261   992
 1262   992
 1262   993
 1263   993
 1264   993
 1264   994
 1265   994
 1265   995
 1266   995
 1266   996
 1267   996
 1267   997
 1268   997
 1269   997
 1269   998
 1270   998
 1270   999
 1271   999
 1271  1000
 1272  1000
 1272  1001
 1273  1001
 1274  1001
 1274  1002
 1275  1002
 1275  1003
 1276  1003
 1277  1003
 1277  1004
 1278  1004
 1278  1005
 1279  1005
 1279  1006
 1280  1006
 1281  1006
 1281  1007
 1282  1007
 1282  1008
 1283  1008
 1283  1009
 1284  1009
 1284  1010
 1285  1010
 1286  1010
 1286  1011
 1287  1011
 1288  1011
 1288  1012
 1289  1012
 1289  1013
 1290  1013
 1291  1013
 1291  1014
 1291  1015
 1292  1015
 1293  1015
 1293  1016
 1294  1016
 1294  1017
 1295  1017
 1295  1018
 1296  1018
 1297  1018
 1297  1019
 1298  1019
 1298  1020
 1299  1020
 1299  1021
 1300  1021
 1301  1021
 1301  1022
 1302  1022
 1302  1023
 1303  1023
 1303  1024
 1304  1024
 1305  1024
 1305  1025
 1306  1025
 1306  1026
 1307  1026
 1308  1026
 1308  1027
 1309  1027
 1309  1028
 1310  1028
 1310  1029
 1311  1029
 1312  1029
 1312  1030
 1313  1030
 1314  1030
 1314  1031
 1315  1031
 1316  1031
 1317  1031
 1318  1031
 1318  1032
 1318  1033
 1318  1034
 1319  1034
 1319  1035
 1320  1035
 1320  1036
 1321  1036
 1322  1036
 1322  1037
 1323  1037
 1323  1038
 1324  1038
 1324  1039
 1325  1039
 1326  1039
 1326  1040
 1327  1040
 1327  1041
 1328  1041
 1329  1041
 1329  1042
 1330  1042
 1330  1043
 1331  1043
 1332  1043
 1332  1044
 1333  1044
 1333  1045
 1334  1045
 1334  1046
 1335  1046
 1336  1046
 1336  1047
 1337  1047
 1338  1047
 1338  1048
 1339  1048
 1339  1049
 1340  1049
 1341  1049
 1341  1050
 1342  1050
 1343  1050
 1343  1051
 1344  1051
 1344  1052
 1345  1052
 1345  1053
 1346  1053
 1347  1053
 1347  1054
 1348  1054
 1349  1054
 1349  1055
 1350  1055
 1350  1056
 1351  1056
 1352  1056
 1352  1057
 1353  1057
 1353  1058
 1354  1058
 1355  1058
 1355  1059
 1356  1059
 1357  1059
 1357  1060
 1358  1060
 1359  1060
 1359  1061
 1360  1061
 1360  1062
 1361  1062
 1362  1062
 1362  1063
 1363  1063
 1364  1063
 1364  1064
 1365  1064
 1365  1065
 1366  1065
 1367  1065
 1367  1066
 1368  1066
 1368  1067
 1369  1067
 1370  1067
 1371  1067
 1371  1068
 1372  1068
 1372  1069
 1373  1069
 1374  1069
 1374  1070
 1375  1070
 1376  1070
 1376  1071
 1377  1071
 1378  1071
 1379  1071
 1379  1072
 1380  1072
 1380  1073
 1381  1073
 1382  1073
 1382  1074
 1383  1074
 1384  1074
 1384  1075
 1385  1075
 1385  1076
 1386  1076
 1386  1077
 1387  1077
 1388  1077
 1388  1078
 1389  1078
 1390  1078
